0.5	17	0.5	10	0.25	13	0.25	15	0.5	17	0.5	10	0.25	13	0.25	15	0.5	17	0.5	10	0.25	13	0.25	15	0.5	17	0.5	10	0.25	13	0.25	15

0.5	17	0.5	10	0.25	14	0.25	15	0.5	17	0.5	10	0.25	14	0.25	15	0.5	17	0.5	10	0.25	14	0.25	15	0.5	17	0.5	10	0.25	14	0.25	15	

1.5	17	1.5	10	0.25	13	0.25	15	1	17	1 10 0.25	13	0.25	15

0.5	12	0.5	5	0.25	8	0.25	10	0.5	12	0.5	5	0.25	8	0.25	10	0.5	12	0.5	5	0.25	8	0.25	10	0.5	12	0.5	5	0.25	8	0.25	10	

1.5	15	1.5	8	0.25	13	0.25	12	1	15	1.5	8 0.25	13	0.25	12

0.5	10	0.5	5	0.25	6	0.25	8	0.5	10	0.5	5	0.25	6	0.25	8	0.5	10	0.5	5	0.25	6	0.25	8	0.5	10	0.5	5	0.25	6	0.25	8	

1.5	17	1.5	10	0.25	13	0.25	15	1	17	1 10 0.25	13	0.25	15

0.5	12	0.5	5	0.25	8	0.25	10	0.5	12	0.5	5	0.25	8	0.25	10	0.5	12	0.5	5	0.25	8	0.25	10	0.5	12	0.5	5	0.25	8	0.25	10

1.5	15	1.5	8	1	12	0.5	13	1	12	0.5	8

0.5	10	0.5	5	0.25	6	0.25	8	0.5	10	0.5	5	0.25	6	0.25	8	0.5	10	0.5	5	0.25	6	0.25	8	0.5	10	0.5	5	0.25	6	0.25	8

1.5	10	1.5	34	3	32	1.5 18	1.5	18	3	17

3	6	1.5	13	1.5	12

0.5	34	0.5	29	0.25	30	0.25	32	0.5	34	0.5	29	0.25	30	0.25	32	0.5	34	0.5	29	0.25	30	0.25	32	0.5	34	0.5	29	0.25	30	0.25	32	0.5	34	0.5	29	0.25	30	0.25	32	0.5	34	0.5	29	0.25	30	0.25	32	0.5	34	0.5	29	0.25	30	0.25	32	0.5	34	0.5	29	0.25	30	0.25	32